448,94 -> 448,87 -> 448,94 -> 450,94 -> 450,93 -> 450,94 -> 452,94 -> 452,91 -> 452,94 -> 454,94 -> 454,88 -> 454,94 -> 456,94 -> 456,91 -> 456,94 -> 458,94 -> 458,86 -> 458,94 -> 460,94 -> 460,86 -> 460,94 -> 462,94 -> 462,89 -> 462,94 -> 464,94 -> 464,90 -> 464,94
450,109 -> 455,109
452,112 -> 458,112 -> 458,111
453,106 -> 458,106
456,103 -> 461,103
457,109 -> 462,109
458,68 -> 463,68
458,81 -> 458,77 -> 458,81 -> 460,81 -> 460,73 -> 460,81 -> 462,81 -> 462,80 -> 462,81 -> 464,81 -> 464,77 -> 464,81 -> 466,81 -> 466,78 -> 466,81 -> 468,81 -> 468,73 -> 468,81
459,100 -> 464,100
460,106 -> 465,106
460,115 -> 460,117 -> 456,117 -> 456,125 -> 469,125 -> 469,117 -> 464,117 -> 464,115
461,65 -> 466,65
462,97 -> 467,97
463,103 -> 468,103
464,109 -> 469,109
464,163 -> 464,158 -> 464,163 -> 466,163 -> 466,154 -> 466,163 -> 468,163 -> 468,153 -> 468,163 -> 470,163 -> 470,160 -> 470,163 -> 472,163 -> 472,162 -> 472,163 -> 474,163 -> 474,159 -> 474,163 -> 476,163 -> 476,155 -> 476,163 -> 478,163 -> 478,159 -> 478,163
464,62 -> 469,62
465,68 -> 470,68
466,100 -> 471,100
466,150 -> 471,150
467,106 -> 472,106
467,128 -> 467,132 -> 462,132 -> 462,138 -> 477,138 -> 477,132 -> 472,132 -> 472,128
467,179 -> 467,180 -> 472,180 -> 472,179
467,59 -> 472,59
468,65 -> 473,65
469,147 -> 474,147
470,103 -> 475,103
471,109 -> 476,109
471,55 -> 471,56 -> 479,56
471,62 -> 476,62
472,144 -> 477,144
472,176 -> 472,175 -> 472,176 -> 474,176 -> 474,174 -> 474,176 -> 476,176 -> 476,174 -> 476,176 -> 478,176 -> 478,175 -> 478,176 -> 480,176 -> 480,166 -> 480,176 -> 482,176 -> 482,172 -> 482,176 -> 484,176 -> 484,167 -> 484,176
472,68 -> 477,68
473,150 -> 478,150
474,106 -> 479,106
474,50 -> 474,51 -> 486,51
475,141 -> 480,141
475,65 -> 480,65
476,147 -> 481,147
478,109 -> 483,109
479,144 -> 484,144
479,36 -> 479,40 -> 477,40 -> 477,48 -> 489,48 -> 489,40 -> 483,40 -> 483,36
479,68 -> 484,68
480,150 -> 485,150
483,147 -> 488,147
484,28 -> 484,30 -> 481,30 -> 481,33 -> 488,33 -> 488,30 -> 487,30 -> 487,28
486,25 -> 490,25
487,150 -> 492,150
489,22 -> 493,22
492,19 -> 496,19
492,25 -> 496,25
495,16 -> 499,16
495,22 -> 499,22
498,13 -> 502,13
498,19 -> 502,19
498,25 -> 502,25
501,16 -> 505,16
501,22 -> 505,22
504,19 -> 508,19
504,25 -> 508,25
507,22 -> 511,22
510,25 -> 514,25
