3255857787557824551774131639855123916885448116414441987423416385349293141819122575491534329791176771
4781554174527263723859469772639217734855944119872271876877518994327678825121726884619221532375443532
5123345779473232643739173493632167141659722574893484789577226215395242612696933946522235614589711698
4329856241295524759699468687262269654418574566565419331949534444844995115132595581149698985222418124
4576275271813865448684545877213263914164995998173534788826862547223832435852374568954974728765866815
1673682873879521363763976592122699474221247683258493939544169892867931625266891196151995383375865182
7665829825812319319534742286353486394932458578681316522254775791526764158756411881196747535482976751
7591882937135411266185281768722648317873916248511859476453522172134882815526783173135113683664184534
5175642761856788539284298179445979671149814699337785731686716711654387888541343872419274157866645414
6851137855151534676175419574747461188828157637414933989137637935899117396724386587667666896554352811
1758335247623537685828871992391254134357529379461442728736965273575923335567115989315381451174213759
2713983163926258975292734289941439365229977153313997516914168617493715322178993933824754115714253971
8961873172945661314146593451118643172989828697792417694828344541487821375573495573584866925996326673
1279543569389261745841132979314861839623589152862446333411114459315175463835694677781287236741891546
1524679665958595833868143624697463817873984148448134878487863351554395219371516278554962849533591386
1516159446221217335817186727437361826646454337715121291977631371647165284261731164326665475698767288
4621541833577643423214436593147662534459969915849841561511178416357459331233882955127122158883786512
7372841895611793854966713963966374272332272939924762143243684245941349134485621535229677421717356648
1252232914397538636469772548368752378364482767285575177373898994749552471794134422528756877719878921
6987323863345551621671488339213127835399714575588324399594766937959146377699421695861238219631367128
1139114783278634425341732681342566425433223157219311797387746231958379893644326458984979241818263276
3994723575772772583278125429119671887166549461763125976963166594837472269111153297958239624421771255
4572668441814647378219952161443393963871137665497744348588545632924199264532182751632561292942736481
6461182492915881767164455466192163519534559859154986452591686133613336322571167292789884335676522467
5422951964963388823763997674235654534671694848994266465296683799414282681355473182918537143181944947
4634225428639552643573848259757217229723721796313419929687681615838324853315839999666334169668585545
1233239971892775284111693675322196365392376443839971689745442721592576417634273647217493841144131281
7689689276689463565135149486468819188945434319281452597812844657659321852546623429317352779969133274
1483172827976394778368692374848774456519746693645765362753259638943169716727911764129368995794726865
8597381742236449187824634369385547118791955992683939466432484996824584754724446581973171268642157525
3335956646423872143728975215613434849629929558877996179467863922927278732983417553976398646913611938
4645365298542652249954122865615892954157311481542487342716784927866188861673431692377456586286113567
6716929655473553872999246922555627284295888141539435863164471619857898897798263143235553126766319742
6679126466426888971917325848535346572752336469717637174747949367766289884186387967886758999758136441
5197695244617795846155573214479683481951774245747619184186217987442575768585793155616799628142449831
7838215149127739134243455274492156279141213978561354519156184759138427557891476195429868159153692497
3587796279318943218283355477339821375114722318981114815641972666437354145918894865742745484668337499
4214963938977732144842513938174275851464887488446529961754782827163682383962289872426569335893153297
6154755739671466893423342956369678128445936436169757977482184313973378432386534622538775839215416141
6348274486241357291569782896794749361998191935284135527572665193569754965521316299387165359218897646
1699421488548996328454845551495923162634623892787192676618138117888823626829755924946544895372631775
9237999514924921758848177737744783934523995285327818281369736834237182949285153178657215557948343666
6189919924757254813643472844167734613421324734224814519427156792547585461889871253918571929135384669
1225524844511134129364782453372822742949898977162777572986876919825474557593911893117616237261389814
5223624416127332191885639211188617242443299378675165548751476668689236254673153173499451224899651689
3813299364492619478739493131729397823567457445819416979855614516349284589726969953911846649128587494
8237492948586311385571331832413399221569556416312811762644187783718173323542657882875168672746697219
5478195434168877294174242781569834584526438255997475329155947948916976122836425615152671855854673496
5854121685642198113892115281646658217349486769337289565376298333921698423528167292241297679342613615
3298294821117266876973714551222215769772672368954361513695432376442554473264845576158693119448483222
3296727191467482734745756342229569318775358448866923888148494167539432183872192212542262859633788738
5475682176621872118344848545786285549816947289422559975169952211163138373159353735485944218798689474
6426449621644588659913244362189934112897674249651495659372947527616729863175948267262717896832438368
6827233753867486666967759792652326287962816278411749164954392556245683824327228152398439258838327358
4612963424672574758792298477465978466773914935979812368383836559213661939631572819725474931679999674
6837656683464377483865599654913928817557869152662863481757443244362469237754613248316374432352884182
4884234892746842241812997249121844564452756981235624539669256547494697663885619295812845372537618547
8462183439267364468384755564317783863646756533441656531873799292984629823179965755231458813792585687
2471354436246321469328767571338658569525385766492487223572549986248549118363539688733231455364285561
1687354794256235794783899653251129739258996627386413691495186386483882883362755452648758677577566723
5122965884255227575416943233645816374559387527299599832224433738636385893296914561942316756334944227
7134223642927588635374124783965569134913156589242868266197157413192821536668427232431314275431518121
5786256652768742478577213283823626657713556468423232224429716781333223283345454995536745893257547544
7284914436625749565446838939876378585144234733276743195162861145125922611272332835751466764774342678
7399214742641541892189763422475935724553812754818219359374881773982596372485151392237983252226258251
9786933132518791711119977165181761783595139397163197757892936654469341278724451266812961198328525463
5129825579893555376364727565411111824281939725734649192115796748645586461314773935835246272921155293
1769322431421429877679934922216357431313563243779448662131455758132258516671642842438817422395291621
1274954692649989225287645839315812997575498249626496229779217896587731279438877413652143514769527216
6311153383417112521896977399772889157329349127599976997188693672467713292479366975798928375954696324
5545575934327316241229278415833175945648947642672634187428999219594991896719164134199114153519697433
8184584259317792662684352167259266137339719966781166713935136342241715563962828673161245965688873831
3456939217566188254867819931487942868431652535819756367572142436965926194613189987189567168561146539
7647663977144713225184593189784764278987243767224345388555873199334366397468562794634635784936647118
2182636138468113772856678154321277547488378199374129612556621563249984231255445261376653229345519898
2721445412322583189711264757818733469558911153817779675521163976245955297742251261618964762328266573
8824441276874298943535361253971116916195212424414878673673266393763643484523488149532494531784746458
6289533829141185321214519545626682279431393281381367482115588927342254935829167461843275786174632312
5843366495739678254354165129185794737249568821315383344996443573897678845255568242731739191142152387
9473515957571593937998528792297924128227739778713632117962796123969238337482556221917773322887729681
2224658489984617789797659813545259346792875587482714264537582321896364912982229915681749681983731251
4818992494563515386464889761121198989182992983352283443467227142621387638874485447169429116545343322
2365783644533934134594656383131887888351427462387915774391585862956156589257997619354933439966556561
6879348329992798834168466129998385558946374937594769872446323511684918484319791261255882586387256758
5953788991276822134546166138688772599754717356881599546739537791518135376259638437273488614377452581
9144823412851719735522642643772196826322655773281221122256843297193325288974568566383752299395792776
3398185679417183916444994155916467571243987991255374824672976558496619618234397626159813113165654262
6393765388962933227668737154252357687714986916456549125492276645459857633839878575921565638157496122
4314672383372765645882789931465489474419852776113721516456114963337674139428994768265686733819472249
6857552346184633943816652992343462237975312641535561449174645298971861493535735189335553843932664236
9545261176593471115316633263321165383328343918977698326615672438491693277136388528172787433612189763
3251455338716555455187472653639891124257817537417352723225395794222541347868781827545253578867623966
5327836362244651694928293662561395294912173582686626634558841656962374576916185785779493798853718564
1432228687534712832294684638353348493225148944397274865754764318452161525271663943872477463461138419
6747732456761256463152342874489128481541588394413393482519951112688899687556496841284299443813318378
1974674468522646544812919824213523873885381442848287189429172449597681474922843284344811668991697688
2548616226121488748131168469442272541245697513933252981733941835459273359581196739969474799463536863
4852275157351386725879831662472437649378316422326137493419151558153439764989898636243894743447747954
9395449622559714253783127814963249911931646696528416761457641389867458923693226819445277954422559184
9461446126295483623539867984135617389624732434879329314696426457636223468374247326794324397255125828
